% Upraveny obsah souboru ...//parametry/Bayes1_26.mat

a21t1	=	1.361884504	;	a21t2	=	19.17573236	;	a21m1	=	0.063127211	;	a21m2	=	0.404512779
a22t1	=	7.202974511	;	a22t2	=	17.80010347	;	a22m1	=	0.070330002	;	a22m2	=	0.357174844
a23t1	=	4.332699458	;	a23t2	=	11.34989957	;	a23m1	=	0.066971256	;	a23m2	=	0.353005713
a26t1	=	2.938953114	;	a26t2	=	13.82405686	;	a26m1	=	0.089392352	;	a26m2	=	0.320827006
a33t1	=	2.926156696	;	a33t2	=	11.69261578	;	a33m1	=	0.029113051	;	a33m2	=	0.478145166
a35t1	=	6.032224361	;	a35t2	=	15.72468494	;	a35m1	=	0.032862509	;	a35m2	=	0.131998688
a42t1	=	5.441651802	;	a42t2	=	10.74021498	;	a42m1	=	0.0451231	;	a42m2	=	0.343326809
a44t1	=	7.406627768	;	a44t2	=	19.61330144	;	a44m1	=	0.046621261	;	a44m2	=	0.146156732
a47t1	=	3.553713392	;	a47t2	=	15.19089979	;	a47m1	=	0.055700144	;	a47m2	=	0.420693556
a48t1	=	6.776034489	;	a48t2	=	12.49920013	;	a48m1	=	0.050527657	;	a48m2	=	0.462012849
a61t1	=	1.119496544	;	a61t2	=	16.36639215	;	a61m1	=	0.038057687	;	a61m2	=	0.423348564
a66t1	=	4.096197705	;	a66t2	=	11.59469172	;	a66m1	=	0.086073355	;	a66m2	=	0.475377531
a76t1	=	3.215025663	;	a76t2	=	11.89302495	;	a76m1	=	0.011571293	;	a76m2	=	0.289665486
a81t1	=	7.185859232	;	a81t2	=	18.29570642	;	a81m1	=	0.077336228	;	a81m2	=	0.414425599
a100t1	=	3.348235976	;	a100t2	=	19.56875029	;	a100m1	=	0.082104798	;	a100m2	=	0.431375163
a106t1	=	8.002488029	;	a106t2	=	20.17678635	;	a106m1	=	0.062307493	;	a106m2	=	0.202209116
a107t1	=	7.321024706	;	a107t2	=	16.69013245	;	a107m1	=	0.031033244	;	a107m2	=	0.215163977
a118t1	=	4.371755693	;	a118t2	=	10.73678149	;	a118m1	=	0.085989812	;	a118m2	=	0.272161049
a124t1	=	8.60079805	;	a124t2	=	17.54354118	;	a124m1	=	0.020206434	;	a124m2	=	0.33601632
a125t1	=	3.690796997	;	a125t2	=	17.53395102	;	a125m1	=	0.082709455	;	a125m2	=	0.43479549
a126t1	=	2.593029603	;	a126t2	=	12.69593288	;	a126m1	=	0.037597255	;	a126m2	=	0.43602155
a127t1	=	2.006456547	;	a127t2	=	19.7581669	;	a127m1	=	0.003414932	;	a127m2	=	0.207324792
a128t1	=	1.951185686	;	a128t2	=	18.89850087	;	a128m1	=	0.07676913	;	a128m2	=	0.155734706
a138t1	=	2.590509844	;	a138t2	=	11.82984366	;	a138m1	=	0.074388344	;	a138m2	=	0.339298496
a140t1	=	5.350299637	;	a140t2	=	11.83800369	;	a140m1	=	0.045409637	;	a140m2	=	0.411898012
a150t1	=	2.170362764	;	a150t2	=	17.44932005	;	a150m1	=	0.019983711	;	a150m2	=	0.167204203
a165t1	=	2.930948173	;	a165t2	=	11.33592619	;	a165m1	=	0.081584514	;	a165m2	=	0.440148786
a189t1	=	5.710094963	;	a189t2	=	12.17809457	;	a189m1	=	0.036252831	;	a189m2	=	0.42806036
a192t1	=	3.330727854	;	a192t2	=	12.97584729	;	a192m1	=	0.076028229	;	a192m2	=	0.431128067
a213t1	=	3.801538588	;	a213t2	=	11.73199296	;	a213m1	=	0.033825159	;	a213m2	=	0.482510678
a231t1	=	2.924515442	;	a231t2	=	15.51993192	;	a231m1	=	0.075354933	;	a231m2	=	0.484344177
a239t1	=	4.111701584	;	a239t2	=	11.45342817	;	a239m1	=	0.094222346	;	a239m2	=	0.387492345
a259t1	=	5.683365965	;	a259t2	=	14.18556749	;	a259m1	=	0.049752956	;	a259m2	=	0.485054298
a292t1	=	5.949074234	;	a292t2	=	16.17743214	;	a292m1	=	0.051533349	;	a292m2	=	0.423092101
a294t1	=	7.283020362	;	a294t2	=	14.50255707	;	a294m1	=	0.072855285	;	a294m2	=	0.450634933
a301t1	=	8.292063797	;	a301t2	=	16.37313899	;	a301m1	=	0.07552633	;	a301m2	=	0.400889251
a307t1	=	2.760374718	;	a307t2	=	11.6923555	;	a307m1	=	0.048652148	;	a307m2	=	0.460753479
a342t1	=	4.680796059	;	a342t2	=	11.11675755	;	a342m1	=	0.072505038	;	a342m2	=	0.387527517
a344t1	=	6.671721243	;	a344t2	=	16.84443736	;	a344m1	=	0.025966911	;	a344m2	=	0.318322781
a349t1	=	4.809072202	;	a349t2	=	18.26861355	;	a349m1	=	0.073309138	;	a349m2	=	0.284806936
a361t1	=	3.225184042	;	a361t2	=	11.3384075	;	a361m1	=	0.076935322	;	a361m2	=	0.434793207
a365t1	=	2.822493898	;	a365t2	=	11.91130236	;	a365m1	=	0.083516443	;	a365m2	=	0.459967466
a373t1	=	3.728997281	;	a373t2	=	13.39439357	;	a373m1	=	0.088213636	;	a373m2	=	0.406758384
a376t1	=	6.161949045	;	a376t2	=	12.85059538	;	a376m1	=	0.079976253	;	a376m2	=	0.387356438
a383t1	=	5.8819938	;	a383t2	=	12.53298379	;	a383m1	=	0.097580489	;	a383m2	=	0.321634321
a390t1	=	4.908678098	;	a390t2	=	19.80819596	;	a390m1	=	0.089697144	;	a390m2	=	0.371309846
a391t1	=	3.891904056	;	a391t2	=	11.93164328	;	a391m1	=	0.065439675	;	a391m2	=	0.46116216
a425t1	=	3.517098746	;	a425t2	=	11.41969439	;	a425m1	=	0.040104927	;	a425m2	=	0.433728778
a436t1	=	5.874315814	;	a436t2	=	10.25798734	;	a436m1	=	0.030616878	;	a436m2	=	0.331979658
a437t1	=	5.987724894	;	a437t2	=	18.08655334	;	a437m1	=	0.048625344	;	a437m2	=	0.319465139
a444t1	=	7.079760708	;	a444t2	=	19.59328069	;	a444m1	=	0.060327614	;	a444m2	=	0.452305239
a491t1	=	8.129786001	;	a491t2	=	13.02664536	;	a491m1	=	0.08424227	;	a491m2	=	0.42361186
a499t1	=	5.882748089	;	a499t2	=	10.63221341	;	a499m1	=	0.015653018	;	a499m2	=	0.403497433
a501t1	=	8.067041366	;	a501t2	=	17.91499898	;	a501m1	=	0.027385595	;	a501m2	=	0.359902542
a506t1	=	4.462778015	;	a506t2	=	10.28772537	;	a506m1	=	0.02044962	;	a506m2	=	0.377413811
a512t1	=	4.330431924	;	a512t2	=	11.8163975	;	a512m1	=	0.076417724	;	a512m2	=	0.308168532
a534t1	=	7.765269619	;	a534t2	=	16.3865607	;	a534m1	=	0.014281476	;	a534m2	=	0.395377641
a539t1	=	3.159847992	;	a539t2	=	11.92502008	;	a539m1	=	0.061181148	;	a539m2	=	0.459266356
a541t1	=	6.300872169	;	a541t2	=	18.16541354	;	a541m1	=	0.031888113	;	a541m2	=	0.424858964
a548t1	=	6.534182376	;	a548t2	=	11.27389825	;	a548m1	=	0.04238688	;	a548m2	=	0.48085657
a566t1	=	2.937162372	;	a566t2	=	13.31043299	;	a566m1	=	0.046422589	;	a566m2	=	0.390919159
a574t1	=	5.655690959	;	a574t2	=	10.95381023	;	a574m1	=	0.052122683	;	a574m2	=	0.426149178
a600t1	=	5.357287354	;	a600t2	=	14.14382244	;	a600m1	=	0.056757959	;	a600m2	=	0.441605211
a610t1	=	2.962497637	;	a610t2	=	10.75787145	;	a610m1	=	0.07639202	;	a610m2	=	0.360592239
a613t1	=	5.382448418	;	a613t2	=	10.92409431	;	a613m1	=	0.078344702	;	a613m2	=	0.379354858
a616t1	=	3.533428924	;	a616t2	=	11.55732632	;	a616m1	=	0.059629429	;	a616m2	=	0.339962083
a633t1	=	2.327485244	;	a633t2	=	17.26908624	;	a633m1	=	0.058772391	;	a633m2	=	0.444783042
a634t1	=	7.13027071	;	a634t2	=	10.86482415	;	a634m1	=	0.051790245	;	a634m2	=	0.443143838
a640t1	=	2.966003018	;	a640t2	=	11.71915902	;	a640m1	=	0.020166601	;	a640m2	=	0.429886192
a667t1	=	4.917794934	;	a667t2	=	11.73205841	;	a667m1	=	0.055820625	;	a667m2	=	0.4592828
a668t1	=	4.159391132	;	a668t2	=	11.3542027	;	a668m1	=	0.022173385	;	a668m2	=	0.47601411
a675t1	=	2.551376936	;	a675t2	=	15.38393544	;	a675m1	=	0.060642577	;	a675m2	=	0.457609304
a678t1	=	3.457701147	;	a678t2	=	11.4193169	;	a678m1	=	0.021587714	;	a678m2	=	0.485461397
a679t1	=	2.899667674	;	a679t2	=	11.3300485	;	a679m1	=	0.03660371	;	a679m2	=	0.448367262
a703t1	=	5.545841549	;	a703t2	=	15.21417262	;	a703m1	=	0.020080333	;	a703m2	=	0.203256659
a706t1	=	2.533270916	;	a706t2	=	11.30714731	;	a706m1	=	0.043019304	;	a706m2	=	0.425907725
a712t1	=	2.48422652	;	a712t2	=	10.99218152	;	a712m1	=	0.061957905	;	a712m2	=	0.426443799
a729t1	=	3.412969874	;	a729t2	=	14.34721855	;	a729m1	=	0.054797366	;	a729m2	=	0.420991147
a762t1	=	5.450641254	;	a762t2	=	11.16915627	;	a762m1	=	0.077727145	;	a762m2	=	0.391292244
a765t1	=	5.170379414	;	a765t2	=	12.19332282	;	a765m1	=	0.085059309	;	a765m2	=	0.406727055
a796t1	=	2.638618153	;	a796t2	=	12.08743838	;	a796m1	=	0.050243948	;	a796m2	=	0.449470612
a804t1	=	4.105784996	;	a804t2	=	13.69186655	;	a804m1	=	0.076693147	;	a804m2	=	0.456526939
a818t1	=	6.936669958	;	a818t2	=	10.73203556	;	a818m1	=	0.038701906	;	a818m2	=	0.451060729
a819t1	=	5.972201288	;	a819t2	=	10.12868515	;	a819m1	=	0.019678868	;	a819m2	=	0.443293424
a826t1	=	7.171631153	;	a826t2	=	11.53454056	;	a826m1	=	0.040697789	;	a826m2	=	0.459369567
a860t1	=	3.565540349	;	a860t2	=	13.16255159	;	a860m1	=	0.085762319	;	a860m2	=	0.444039086
a887t1	=	8.30194222	;	a887t2	=	16.66159173	;	a887m1	=	0.027406884	;	a887m2	=	0.278535193
a888t1	=	2.065019963	;	a888t2	=	19.00641705	;	a888m1	=	0.040980173	;	a888m2	=	0.148126983
